22 36
1 3 1 10000000
1 5 1 10000000
1 10 1 10000000
1 16 1 2400000
1 20 1 2400000
2 7 1 2400000
2 14 1 155000
2 15 1 2400000
3 7 1 10000000
3 13 1 10000000
4 5 1 10000000
4 17 1 2400000
4 21 1 2400000
5 7 1 10000000
5 8 1 2400000
5 11 1 2400000
5 13 1 10000000
5 15 1 10000000
5 19 1 10000000
6 7 1 10000000
6 13 1 10000000
6 18 1 2400000
7 14 1 155000
7 22 1 10000000
8 13 1 2400000
9 10 1 2400000
9 20 1 2400000
10 21 1 2400000
11 22 1 2400000
12 13 1 155000
12 15 1 155000
15 22 1 10000000
16 22 1 2400000
17 19 1 10000000
18 22 1 2400000
19 22 1 10000000
